4.928386456600942012e+01 4.366518471053609574e+00
6.101976637918484769e+00 1.316023585272247765e+01
3.550235024292072694e+01 -1.345560092919427575e+00
1.769994625953730605e+01 3.435861418706164017e+01
1.355883142626516857e+01 7.151324464293548999e+01
3.765657437575130473e+01 5.587803189134520210e+01
-1.968050520332181463e+01 -1.337537040581189274e+00
-2.943308075882261221e+01 -1.358186635406588749e+01
2.508433895846357942e+01 7.698827739706038642e+01
2.645618603453784345e+01 3.336061034696233207e+01
1.565776282350078219e+01 -1.995302804518264850e+01
7.346738366451322122e+01 4.194702957103508822e+00
2.361067914383566446e+01 6.801924406445181148e-01
-1.998627067814366853e+01 2.658982911049374920e+01
4.563399057038328976e+01 3.492010801325364611e+01
2.244444901686435045e+01 -2.250821468705757411e+01
5.065184024054906331e+01 9.118096590293110637e+01
1.083505822552057651e+01 1.441833022916098450e+01
6.501892154148887926e+01 1.819802565050493115e+01
3.758445416044797582e+01 -7.791342586605416898e+00
2.101253126117963532e+01 6.603137561492469843e+01
4.047692470656805597e+01 2.017428595873901642e+01
7.153628681765013653e+01 3.681419338437448374e+01
1.192071408296236257e+00 3.355982055722675028e+01
2.881295442192316258e+01 3.518890261890000914e+01
2.907236995364730348e+01 1.393881095829496886e+01
3.851392490840368055e+01 6.135281138738332629e+01
4.822969035146769556e+01 1.153323261214342210e+01
5.750131572664200519e+01 5.052283741927203664e+01
1.272097822462274763e+00 2.357144878950901301e+00
4.027930705012916235e+01 9.419605422927590510e+00
-6.710279681597693724e+00 3.483227774441467517e+01
1.099360543884831287e+00 2.035230257811409160e+01
4.912531659137241036e+01 -9.673061845556020444e+00
7.311838813198049181e+00 5.612169518095228682e+01
2.726937792876108446e+01 1.649833691205316200e+00
1.392248535865497772e+01 4.310952565963595617e+01
-2.683182811004624568e+01 4.168677838523347390e+00
2.484701335953001688e+01 2.127797122367763549e+01
2.503567125798014104e-01 5.817348679275152534e+00
3.724143414735319624e+01 1.213305241371100429e+01
4.996727125419414506e+01 4.577242545193831802e+01
7.156002037090772205e+01 1.060095783985569540e+01
2.201551263920049450e+01 2.563161412924042182e+01
-1.218886839671068145e+00 2.997978413911584283e+01
4.074720196537411709e+01 3.192301009655835742e+00
2.368545908077387097e+01 1.903139107778031658e+01
3.242214585968907414e+01 -1.489082301200042480e+01
1.157105471732443647e+01 1.209498983913174897e+01
3.511124194600058246e+01 -7.656475199345845084e+00
2.926124068804769962e+01 4.574269448500805879e+01
4.600827978401667906e+01 1.313963913678275830e+01
3.291979430257445927e+01 2.014468156150553568e+01
1.844951477328841349e+01 2.817758228171832613e+01
1.840008000700072444e+01 7.313071743526082003e+01
5.161433920221170268e+01 4.343312580716586524e+01
1.794047712537150119e+01 3.276290054630527493e+01
2.730216714944337042e+01 6.755705379496159679e+00
2.371204588417225168e+01 3.994924885819450822e+01
-2.505576323766617008e+01 7.084773496959121530e+01
1.892742351904551867e+01 6.220706993083126690e+00
-1.285834007159009929e+01 -1.064335194411091834e+01
4.286052802400293160e+01 5.536300988868798356e+01
-1.722933755873246042e+00 2.568590158181888938e+01
5.242692547886072418e+00 2.550758503937053590e+01
4.745475892037280374e+00 1.449570503206946270e+01
6.651350333842225382e+01 1.178356615615875391e+01
-1.496427852081300358e+00 2.898273676289370826e+01
4.552656069337204769e+01 -2.467531400920329787e+01
1.152839184845288223e+01 4.329798275812954955e+01
7.309727572948219176e+00 3.373698655702503402e+01
3.505145106174845182e+01 2.195394914204256054e+01
1.743509042879051307e+01 2.436653481760835405e+01
-2.147855319894394910e+01 1.104825519764311359e+01
4.378694558530567349e+01 -9.199180434130475703e+00
1.525514670920191307e+01 3.855814390897970156e+01
-2.041816582813737568e+00 5.158969180738672122e+01
5.444435586903111357e+01 5.662535183532714456e+01
-4.333466878304236047e+00 1.975662306012321068e+01
8.751408557015166068e+00 7.222033943193220296e+01
9.012783812665221106e+00 3.855667299173554596e+01
5.542572016556509595e+01 1.011403183207187340e+01
1.763494225832650386e+01 5.733984719050430101e+01
-1.592505644721492786e+01 2.162833510877296206e+01
3.164528186972017210e+01 7.275318171101242015e+00
1.529154847331879097e+01 -2.344138468349591164e+00
3.558449446283351136e+00 2.405593971044607571e+01
5.837526534067759343e+01 6.160262751817275273e+01
6.179690310377137763e+01 -1.295651895436092360e+01
9.964430029193128036e+00 4.092169228819381033e+01
3.697141775888436399e+01 4.711586558861004903e+01
-1.150737966176702542e+00 4.086347920150779345e+01
3.551201744110425551e+00 4.839951656399341573e+01
1.090324614697607331e+01 5.817558335733637875e+01
-2.484025699930041498e+01 4.805023745165982518e+01
1.993824040028583511e+01 3.667637518767084259e+01
2.627934237224220482e+01 -3.258205675467407758e+01
3.561336062241963418e+00 3.671674481125092626e+01
2.822557983114934288e+01 5.307892341155870497e+01
-8.840261759273683850e+00 3.291034401460824199e+01
-1.367217215563310617e+01 2.518006306841752462e+01
5.556399975034886296e+01 6.359134857143439490e+01
2.257803769469476052e+01 8.554142768214870785e+01
2.081800915945171582e+01 7.276695637201788358e+00
9.839032981086226926e+00 2.925349252408568645e+01
4.309891512546318637e+00 4.368255802958833556e+01
8.317579459444237955e+01 2.776740816567741632e+01
3.252351047810191886e+01 1.025465586146284522e+02
6.988283795253217079e+01 2.604376099096496944e+01
-7.489604343300904077e-01 1.345530331666197021e+01
4.021431320197739012e+01 4.779291808174555456e+00
4.439046437736769235e+01 5.164495650852099118e+01
2.772844751113738582e+01 7.893428686482089063e-01
4.265544234236750754e+01 2.711637653643600387e+01
-3.189490477744598707e+00 2.240456838995288891e+01
6.800672935748502823e+01 3.234336633289746743e+00
3.403613587555101105e+01 5.043753857133226859e+01
3.393304921388276796e+01 1.796224675188275199e+01
-3.760658182223600932e+00 2.132349893428700582e+01
2.448948576687046597e+01 2.535215263411476272e+01
1.395500548669296847e+01 7.334731830923773899e+00
1.542481995748875256e+01 3.304877631577925001e+01
3.434612783726136342e+01 6.068965260741742895e+01
-2.683948476651451642e+00 4.957746544207625305e+01
1.183867925243023755e+01 3.240222579597961072e+01
3.694947560681293908e+01 1.838053479980221283e+01
-9.060040242313352365e+00 6.160802745518318346e+01
3.064135760388915486e+01 3.141539742494597220e+01
-6.574695433349656781e+00 3.821419197475151464e+00
-6.050083585213624104e+00 4.365490046151533932e+01
1.139691357280432271e+01 -1.685798011940862295e+01
2.476930579436761093e+01 1.387338242688148071e+01
2.659342436601004422e+01 1.810235281445001121e+01
-3.002148311019183780e+00 6.095456208446002933e+01
2.958713435212985132e+00 1.933878656227281212e+01
2.380364063584415035e+01 2.851585598324937365e+01
1.468589379520096116e+01 1.495644601197487589e+01
8.894947621705545870e+00 1.379731317968684934e+01
4.512371945609682911e+01 5.047701119413831350e+01
6.173434119545373022e+00 4.819849178675113421e+00
3.938450450093099420e+01 -4.687959288406109692e+01
4.610922557841398373e+01 3.220522119962845409e+01
2.902235655478859755e+01 5.273042917061540180e+01
6.655070954287845097e+01 2.013569472273811201e+01
2.725743759865141769e+01 1.789478940858615630e+01
1.060803027995446612e+01 6.570710839801380487e+00
-1.398873847113291902e+01 2.237984592673895889e+01
6.934167398179918962e+01 3.031918645246304322e+01
7.712493743031504323e+01 2.684409350361836033e+01
3.305786755551686440e+01 4.046780378561622626e+01
2.417439019838302272e+01 5.871491033225496636e+01
6.532417588098769556e+01 8.430043399424056361e+01
1.677297979609259926e+01 4.490257011046814739e+01
-1.007802313155559659e+01 -1.628538493231155115e+01
7.740764642499723891e+01 3.779679528956750545e+01
5.291488088443595927e+01 -6.871057395978898086e+00
9.847183169374750378e+01 3.718366764381180900e+01
1.628279418834891246e+01 9.576450096525796596e+00
1.976352491954446577e+01 1.691327930645090660e+01
-5.270325589593642945e+00 1.392772966183386529e-02
4.040058535872563539e+01 1.850666774590731478e+01
1.553531747690059639e+01 1.431324029263301156e+01
5.465752828380161787e+01 7.411705558693284956e+00
2.560861472608293354e+01 1.174107626445494468e+01
4.453585354169939592e+01 3.969461615541031563e+01
3.727897022599511700e+01 1.261854644693245397e+01
2.490394856261026746e+01 2.286343646825912757e+01
1.404412961269033033e+01 1.740019001387884856e+01
2.512717567495522175e+01 1.261059011963864229e+01
-7.878016307797039985e-01 6.845756060088142192e+00
4.356290163117539294e+01 2.769698658511703826e+01
6.046778174233109127e+01 -8.264130107826225924e+00
4.686704484863115283e+01 6.444730639873917255e+01
-1.961730889082889462e+01 5.567483484112984371e+01
3.934792537956706582e+01 6.013648206781839889e+01
1.816760476754711107e+01 4.253064855805241962e+01
2.924994783097439921e+01 1.143102507791249955e+01
3.346825179542182127e+01 -5.682626812084130563e-01
2.525257400440748867e+01 1.552188197994986751e+00
5.238742200572541918e+00 4.014966668480526124e+01
1.787775927053049685e+01 1.157448477315277557e+00
2.555105560860160452e+01 4.510438239419734430e+01
-3.887989387353097470e+01 5.218880033318389167e+01
3.694821320839007228e+01 9.882683934091227584e+00
1.763081807419921887e+01 1.860524546760950315e+01
-1.134701661163589392e+00 3.187034240756219106e+01
4.173443386369520169e+01 8.340153600967045833e+00
-2.389582237725147706e+01 -1.804432005059825883e+01
-1.814012449729752063e+01 4.488315567804703221e+01
4.249295125850586885e+00 2.282097505404066595e+01
6.346709731293663737e+01 2.982194922540373483e+01
2.178749120390099137e+01 1.373469208363672678e+01
9.208852559365226398e+00 3.089856191218587611e+01
3.323234962107490276e+01 3.167691051755170761e+01
3.027899693433917605e+01 2.785276152123905646e+01
1.967648557929668485e+01 3.076493823347125911e+01
4.951579328344273989e+01 2.747943550497050680e+01
5.154295856027705725e+01 3.391291121151143528e+01
2.132875958421070095e+01 5.106414335851340525e+01
4.869466882465417257e+00 1.388447349343454640e+01
1.883443619165487704e+01 2.885268298090986860e+01
4.598620329344429081e+01 3.072905786842839504e+01
2.257889079359103945e+01 5.461726711738009499e+01
6.038067728241465204e-01 4.915170384438509643e+01
6.151864356173032178e+01 7.564811528083762227e+00
3.276072950863227362e+01 5.098374247974568618e+01
4.607837563391716174e+01 2.704055984310424066e+01
4.644242351077494391e+01 2.705066871856465482e+01
7.461810877424476018e+00 2.261938649662579337e+01
4.305766318090623201e+01 4.187783777198853841e+01
-6.125136582604898905e+00 3.848313315936142232e+01
3.629899186047161663e+00 -3.398734066779717011e+00
6.598545993397223697e+01 -2.095163327843911105e+01
2.124328973516083607e+01 1.592995491657225315e+01
4.229156443681677047e+01 -9.139031304197565930e+00
-1.639307411130354808e+01 6.229378562482301618e+01
-3.375480059688822365e+00 4.087037772390372936e+01
1.976775169234616314e+01 2.773563145712583022e+01
3.148358999436767292e+01 -9.395471251474138086e+00
2.889823723746143713e+01 5.861862597015581144e+01
4.331660694569130499e-01 2.906374776834409346e+01
2.197768647153653987e+01 -6.696119863354390134e+00
9.977079805808923396e+00 -1.379373710077057780e+01
4.966449864223189792e+01 -1.427513328079422905e+01
3.484836486779000353e+01 1.428044501762185448e+01
3.795363333944872863e+01 2.974152001137562351e+01
4.007202919460372925e+01 6.289681705688430213e+01
2.075210691650389805e+01 4.302410067092978352e+01
3.153394588623004324e+01 1.120111089984863106e+01
5.173391150275659101e+00 3.241212333008208901e+01
7.614021998804737734e+01 7.531781497342409537e+00
-2.399469563848175113e+00 -4.633558351114416496e+00
1.629175138964893321e+01 8.308918229171396774e+00
5.772597671028933775e+01 2.065980317361962904e+01
1.770270906098942021e+01 6.173933006877471286e+01
-4.739110421371165671e+00 1.907321097797987974e+01
-2.392946019123211698e+00 -8.172334274817881550e+00
-1.110463796539816173e+01 9.185786560823528646e+01
1.267485492605348085e+01 4.434289369351320431e+01
4.503165879944763361e+01 1.612046677926052496e+01
2.693320357507244012e+01 1.270195464164945243e+01
7.920421071513283451e+00 6.662198143480185308e+01
1.124361957933096434e+01 5.245999376480250476e+01
3.468699438628968323e+01 -7.571377611112165340e+00
1.738777923768299871e+01 3.787305185534530239e+01
1.582247132239199772e+00 2.446551247251941419e+01
3.685670795742258576e+01 2.355628978378409499e+01
3.385024475647002618e+01 3.215777158782410083e+01
1.357313694361160117e+00 3.234626002238815801e+01
6.826899907568673598e+00 8.347731715167178379e+00
